kinematics:
  shoulder:
    x: 0
    y: 0
    z: 0.1626154477311637
    roll: -0
    pitch: 0
    yaw: -4.75343924762555e-08
  upper_arm:
    x: 0.0002504530340496298
    y: 0
    z: 0
    roll: 1.569645481987181
    pitch: 0
    yaw: 4.987492368793727e-06
  forearm:
    x: -0.4253097799499837
    y: 0
    z: 0
    roll: 3.140032148990742
    pitch: 3.139809605949849
    yaw: -3.141586041931523
  wrist_1:
    x: -0.3924721195819233
    y: -0.0006307462515098177
    z: 0.1332988033777251
    roll: 0.004731786993513276
    pitch: -0.002752789082481172
    yaw: 7.906641484927816e-06
  wrist_2:
    x: -9.963269068496455e-05
    y: -0.09952413100770305
    z: 9.257293530779745e-05
    roll: 1.569866171387632
    pitch: 0
    yaw: 2.056310528678572e-06
  wrist_3:
    x: 0.0001889361283151616
    y: 0.09954874364108141
    z: 0.0001723665564279361
    roll: 1.572527804037813
    pitch: 3.141592653589793
    yaw: 3.141592552516504
  hash: calib_9436959119423465684